21
6
11
3
1
6
7
7
1
6
2
13
10
8
13
17
15
2
1
14
13
5
2
64
7
7
19
1
3
10
10
1
24
4
6
10
2
5
22
5
11
8
18
17
4
4
5
5
8
4
7
3
2
25
3
1
2
6
7
6
1
12
4
7
12
1
6
4
5
1
4
5
6
13
5
4
1
1
17
6
2
2
1
2
19
4
7
8
1
3
15
2
1
2
6
6
19
3
5
3
10
3
3
3
2
5
41
16
9
11
20
7
13
5
7
5
8
4
3
17
1
8
7
10
4
2
13
2
3
1
4
1
9
4
3
1
1
11
2
8
6
2
10
10
3
8
5
11
1
8
5
6
3
2
4
17
6
6
1
10
5
10
3
10
9
22
6
1
36
1
2
13
1
8
5
4
9
6
4
6
7
16
10
7
26
9
8
6
4
7
15
1
6
3
4
1
4
1
10
1
1
10
1
5
1
2
10
9
11
3
1
9
5
1
1
1
3
2
1
3
3
2
9
14
1
16
21
12
35
16
5
3
8
7
2
3
27
3
1
2
4
5
1
4
5
20
1
22
3
12
10
10
10
4
2
13
12
3
2
5
11
7
3
11
14
10
7
1
9
12
2
3
4
8
6
3
9
2
1
5
5
7
2
1
11
5
4
21
5
1
28
13
1
4
14
14
3
14
33
11
4
7
1
2
16
30
2
1
21
6
1
8
1
5
31
7
10
8
7
4
8
8
10
8
7
7
10
1
13
15
1
6
3
31
4
20
13
2
3
6
15
3
6
5
10
5
2
4
1
8
1
4
9
14
8
6
3
11
13
24
17
10
13
16
22
13
1
7
7
4
5
10
26
2
4
1
4
3
2
1
4
3
5
11
1
1
8
3
2
16
1
13
4
3
1
1
24
13
10
22
22
3
13
6
9
4
2
7
1
3
6
5
6
7
4
22
11
4
1
4
12
1
4
2
7
3
6
7
5
1
5
2
8
18
9
6
9
11
1
2
7
7
9
10
5
6
11
3
1
6
1
15
9
3
14
4
3
4
5
11
23
28
5
6
3
9
1
4
1
3
31
7
2
7
3
12
3
3
8
10
4
11
8
1
10
3
20
7
9
1
19
4
25
9
8
1
20
6
4
2
