1
1
10
2
8
1
4
4
1
3
2
4
2
9
5
3
1
9
6
6
1
3
4
3
1
2
1
2
2
5
3
10
2
6
4
8
3
3
3
1
1
1
3
4
7
2
5
1
3
9
4
3
6
9
2
3
7
2
2
7
2
2
10
1
2
1
2
6
4
1
3
5
3
2
4
8
2
2
2
1
7
1
2
1
1
5
2
2
11
1
1
3
1
5
6
1
3
1
1
1
4
2
6
9
8
1
10
1
4
1
2
4
5
2
12
3
3
6
1
1
1
4
6
1
2
1
5
3
4
1
11
5
2
4
3
7
3
1
17
2
5
2
1
1
3
2
2
2
1
2
3
6
3
1
3
2
7
4
1
1
2
7
20
1
2
1
7
1
1
11
1
7
7
1
3
1
8
3
7
3
1
8
1
3
2
4
5
1
4
2
2
6
5
3
15
2
4
4
4
2
4
15
2
4
12
5
2
3
1
2
3
2
11
2
3
2
3
2
5
13
3
2
2
16
4
3
2
11
4
2
3
9
1
6
3
1
3
2
3
7
3
1
2
1
1
2
2
4
2
3
1
1
3
6
4
4
1
3
2
11
1
1
4
2
4
9
1
4
4
3
1
7
4
1
8
4
2
5
2
4
8
1
2
2
3
10
2
5
2
1
1
4
1
1
5
4
2
1
1
1
7
3
2
3
2
9
4
4
1
4
9
7
7
5
9
8
1
1
3
1
5
2
6
1
1
5
3
8
1
3
2
3
1
7
1
19
23
5
22
2
3
3
10
1
13
2
4
4
2
3
1
6
1
1
3
4
5
10
1
2
5
3
3
1
1
5
3
10
1
3
8
4
1
11
3
9
2
4
7
6
8
3
17
1
3
2
2
1
2
4
1
2
7
4
2
1
6
1
4
9
2
5
14
1
3
10
1
1
5
8
1
5
1
3
1
1
1
1
6
1
3
2
4
2
2
3
1
23
1
1
1
1
10
1
4
1
3
3
3
7
5
1
2
2
6
2
2
11
2
2
6
11
1
3
1
2
1
6
4
2
9
7
2
1
2
2
1
4
12
6
8
1
2
8
8
2
2
11
1
4
3
7
17
1
4
3
1
6
3
1
6
7
1
3
1
3
5
4
1
11
