3
4
7
6
6
13
4
3
6
5
2
6
4
3
5
7
4
2
3
5
3
7
13
8
10
7
8
2
5
3
3
5
2
1
15
8
7
3
3
13
2
13
2
10
1
3
13
19
1
3
2
4
11
7
20
5
1
14
3
3
17
3
12
1
3
10
19
3
3
7
2
5
6
2
6
3
1
6
1
6
4
18
4
5
4
15
12
8
13
2
5
2
1
2
3
8
4
3
4
3
10
6
4
1
16
12
7
1
2
1
5
3
10
3
3
5
4
12
11
2
4
6
9
5
2
8
19
3
5
7
22
11
6
6
3
3
7
5
3
3
11
1
5
12
5
14
6
1
17
1
12
6
16
3
5
3
5
9
2
5
4
2
11
2
15
1
23
2
13
3
8
2
16
14
4
14
1
3
4
5
1
2
4
3
2
4
3
7
1
2
8
4
5
2
2
2
8
6
2
2
7
2
1
10
19
10
2
7
4
2
8
4
8
7
1
1
6
7
6
6
4
4
11
7
23
12
4
1
3
8
11
6
2
4
9
5
11
13
5
3
3
1
2
17
1
1
5
1
13
5
8
11
4
1
5
3
5
14
10
1
8
4
8
13
14
2
3
8
1
5
9
8
5
5
7
13
12
3
10
4
2
14
4
6
1
2
6
22
10
5
2
6
2
4
5
9
8
5
14
11
6
3
2
1
12
3
12
17
2
3
1
7
5
7
1
3
15
2
20
5
3
4
7
2
9
8
4
5
3
3
2
8
5
4
5
21
13
4
17
4
4
1
3
5
9
2
8
3
5
3
1
1
1
10
15
2
4
12
11
9
8
1
2
14
7
17
12
14
4
2
7
3
6
5
2
2
6
4
2
4
12
2
13
4
1
8
4
4
4
6
9
11
3
6
3
11
1
4
4
10
3
5
5
2
2
6
7
6
13
3
4
2
4
7
3
1
3
5
7
13
1
2
2
19
13
20
4
6
3
17
3
8
2
12
7
2
3
2
8
7
7
3
4
3
1
6
20
9
3
4
12
5
16
5
7
1
1
4
2
3
6
2
8
4
1
4
6
11
6
8
7
2
6
5
10
7
11
15
1
3
3
8
1
1
13
6
5
2
15
1
6
1
16
7
6
6
2
9
3
13
