9
7
10
7
15
3
12
16
1
2
2
11
7
16
1
21
24
20
2
4
8
1
9
10
7
8
30
20
39
20
1
18
15
7
28
2
5
3
16
1
34
20
2
8
19
13
8
2
34
6
8
9
1
32
17
3
12
5
13
29
1
7
6
24
34
23
11
6
4
6
24
15
17
8
1
15
13
6
1
8
14
2
4
39
18
6
16
4
22
3
2
5
9
3
5
5
35
4
2
20
15
23
12
1
13
6
18
9
6
7
13
17
9
5
1
15
17
2
12
1
4
19
6
1
20
13
5
15
4
11
8
4
13
1
5
1
2
14
36
6
1
1
23
1
18
2
11
21
11
8
2
12
12
6
21
11
14
1
15
15
4
22
14
7
4
5
15
13
13
18
2
1
15
11
3
3
15
16
17
26
4
4
5
40
6
1
2
6
6
17
14
10
2
22
13
19
17
34
18
5
17
17
35
3
3
8
1
6
7
9
2
5
2
7
15
21
13
19
14
1
45
12
16
16
16
6
14
14
4
6
5
8
4
11
1
22
19
4
9
3
26
18
13
13
25
5
34
3
19
27
1
24
3
16
5
7
8
23
13
5
1
3
11
1
2
31
4
7
10
1
4
18
34
16
10
10
11
8
7
11
2
4
12
2
11
7
16
29
6
16
6
12
7
5
1
8
3
4
2
5
33
6
2
21
7
4
16
2
10
14
27
31
3
20
2
10
11
1
8
8
1
22
13
13
7
3
29
10
10
1
10
14
1
3
11
6
3
10
11
1
7
11
20
17
7
17
5
22
13
13
31
19
16
4
26
8
8
8
19
16
3
19
22
3
3
19
2
1
11
15
16
18
19
7
6
8
7
9
8
25
6
2
31
25
53
9
15
1
12
14
13
6
11
5
11
5
22
1
3
27
13
5
7
16
3
11
23
8
17
50
13
14
6
37
4
13
12
23
6
12
2
8
46
3
10
11
5
1
15
1
11
22
3
30
4
16
26
2
6
18
2
5
1
19
7
9
6
10
21
4
6
26
10
11
1
2
8
40
20
25
24
8
17
1
14
4
13
2
15
20
20
1
20
5
32
18
5
1
23
1
1
3
6
8
37
7
5
22
7
4
5
5
26
1
56
19
14
1
9
2
