3
4
3
3
19
25
6
9
1
5
19
12
2
42
2
1
4
1
4
54
2
9
2
3
7
13
12
17
15
16
5
1
21
11
2
6
25
16
1
22
21
3
4
1
10
30
4
1
3
7
3
12
14
32
18
1
11
9
19
10
2
12
41
19
11
11
2
2
3
12
14
31
6
15
6
23
6
12
1
2
11
33
2
25
23
16
16
2
4
13
2
4
4
5
2
1
15
32
39
18
3
5
10
1
16
28
5
4
22
2
6
10
34
3
12
17
15
19
25
4
7
11
59
8
4
10
29
14
3
2
7
18
27
4
21
1
22
9
20
16
5
2
4
6
6
22
27
8
19
13
45
6
8
21
5
25
43
14
18
1
4
6
9
32
6
10
1
20
14
10
8
8
5
29
4
15
34
19
5
2
23
16
7
38
2
4
22
15
28
15
17
7
3
4
6
37
6
3
11
12
49
14
10
24
4
16
8
7
8
11
25
26
23
16
9
8
12
27
6
44
2
2
11
24
10
3
98
1
9
3
52
22
4
3
44
2
12
13
64
16
15
24
35
1
40
33
20
3
21
3
20
14
7
1
28
8
7
15
8
16
3
11
27
5
18
5
16
3
10
10
13
19
28
12
6
7
12
42
4
13
4
12
3
8
13
8
29
2
11
2
12
21
8
16
8
3
14
34
3
7
4
3
15
13
20
5
16
10
7
33
17
16
8
16
16
35
60
7
30
12
8
17
6
6
5
12
6
23
14
42
28
6
18
7
18
6
8
27
13
7
33
16
18
39
10
7
10
17
67
10
3
41
16
3
33
23
14
5
6
24
17
9
18
5
27
20
3
34
15
2
22
4
25
39
28
1
26
19
27
26
7
12
41
9
29
19
23
4
23
9
8
2
12
15
9
43
21
9
12
13
8
38
12
16
16
4
11
10
6
25
7
10
9
16
38
2
7
11
8
1
9
19
14
34
25
9
34
3
14
14
2
35
10
2
5
3
6
68
1
5
26
14
19
10
16
23
5
8
1
41
2
17
3
6
3
4
16
17
2
17
3
27
24
12
11
9
59
34
3
4
1
23
3
36
28
11
8
3
20
7
8
4
21
5
5
11
2
3
5
5
25
15
30
8
40
16
2
24
22
26
