9
1
7
2
7
1
23
14
1
3
11
3
22
8
18
16
7
19
8
3
2
2
4
20
1
2
11
6
7
1
2
1
1
8
2
7
6
3
2
19
1
18
3
8
14
18
7
7
7
5
3
4
7
8
8
3
1
10
5
18
1
16
4
1
1
1
2
9
3
8
7
2
5
1
1
2
3
10
6
8
3
11
27
1
2
8
5
1
6
7
14
3
6
5
6
6
6
3
11
3
2
11
11
5
5
11
10
7
16
3
13
3
12
3
25
3
4
7
4
12
2
10
8
5
7
4
10
4
4
7
4
3
3
4
5
14
3
5
8
4
2
10
6
3
7
2
4
5
23
25
10
1
5
5
14
5
6
3
2
6
10
2
8
10
3
9
10
3
15
6
4
5
7
10
9
7
16
5
3
6
1
3
3
8
11
4
1
3
2
5
8
17
3
10
26
3
8
9
10
1
3
11
4
3
12
2
7
1
1
2
14
1
21
1
1
7
8
8
2
4
3
7
6
16
3
8
6
1
3
9
10
14
2
9
4
32
5
6
4
9
17
3
1
2
7
6
3
3
4
4
3
2
1
18
1
18
8
12
10
7
1
2
2
6
9
8
10
7
10
4
1
6
10
2
10
8
5
8
7
5
1
6
27
2
14
4
3
30
2
6
22
9
1
1
15
1
22
1
6
3
7
2
27
1
7
5
5
5
2
19
6
2
1
1
25
8
4
2
13
8
25
22
8
4
11
20
10
6
5
8
3
5
11
10
6
1
11
3
4
1
3
14
1
24
2
3
8
1
5
3
1
3
4
5
8
29
1
7
10
6
5
19
3
1
2
5
11
77
7
9
2
3
8
3
3
3
6
9
10
18
1
4
2
4
20
8
1
3
18
4
8
7
2
2
7
1
14
19
3
13
2
2
5
2
9
4
1
3
15
9
1
14
4
24
1
14
3
10
3
7
6
1
5
4
3
1
3
4
2
23
24
5
6
1
2
17
2
26
9
7
2
1
5
8
18
14
1
2
11
17
9
5
2
3
1
2
22
5
4
8
3
1
27
14
3
5
7
2
5
5
1
9
1
6
2
9
10
19
11
9
3
7
9
13
7
16
2
7
4
17
11
2
1
6
6
22
15
23
1
5
