11
6
14
3
14
30
5
24
15
15
29
7
1
12
3
15
29
18
14
1
20
3
2
1
26
6
2
26
19
40
2
23
6
5
2
6
6
9
3
3
4
33
18
15
7
5
11
6
3
15
6
2
21
4
27
13
21
11
2
23
7
5
7
5
16
16
2
14
2
22
3
3
5
8
3
5
9
24
1
13
2
2
6
7
7
1
4
1
2
6
17
30
8
8
1
23
14
10
11
4
11
17
15
4
7
30
4
7
4
31
22
18
18
5
4
10
12
15
7
5
10
14
12
5
6
5
2
6
4
33
4
14
5
5
17
4
18
20
39
5
16
7
14
21
14
15
9
12
2
8
2
12
11
1
5
10
19
4
17
8
8
24
27
11
1
2
20
15
24
26
15
1
20
8
9
18
1
19
35
4
6
7
13
10
9
9
7
2
32
3
1
23
30
9
36
17
23
14
12
7
9
29
7
8
9
65
3
1
12
3
13
4
56
3
13
3
19
9
5
2
1
14
22
2
1
7
9
5
23
18
1
41
10
12
1
8
1
4
3
17
1
24
10
10
32
19
9
2
9
8
37
7
25
16
4
6
8
28
3
21
1
10
5
8
33
7
10
10
1
10
48
3
3
27
21
3
13
2
22
18
48
11
7
10
8
7
17
17
28
8
14
1
22
16
5
2
5
19
5
6
43
3
8
6
2
1
2
14
1
15
20
1
2
8
24
18
3
6
42
17
8
19
5
12
4
8
11
9
38
16
8
34
10
2
15
11
2
1
7
9
24
10
3
20
6
13
4
19
34
7
17
9
9
34
2
9
9
9
5
12
7
8
14
1
31
6
19
2
10
5
7
6
2
9
8
18
32
8
21
12
2
3
2
10
10
18
14
3
5
20
21
1
18
5
9
1
22
3
11
28
7
3
21
13
35
14
1
9
20
2
5
37
7
5
17
8
5
1
7
7
3
9
6
21
20
3
22
5
2
9
2
1
25
2
7
15
3
2
3
4
16
14
3
2
5
7
18
25
19
15
9
1
20
6
18
7
3
4
12
21
20
1
8
4
33
2
1
19
24
13
6
48
2
26
4
19
1
2
22
4
19
5
13
4
6
13
20
8
24
1
5
20
5
6
22
24
2
4
30
10
