2
7
23
9
6
7
3
19
34
5
4
9
3
24
17
2
3
4
4
11
1
22
6
13
3
2
6
21
14
4
3
5
7
8
7
9
16
26
5
6
9
8
3
1
73
9
10
7
5
1
35
3
21
5
9
10
11
12
2
12
1
34
3
14
7
5
11
1
2
9
46
15
9
7
1
15
8
12
30
17
3
3
10
1
5
13
8
5
2
2
27
6
3
16
12
8
5
9
8
11
4
3
2
14
6
3
12
11
2
15
22
5
3
36
7
16
15
6
28
22
9
5
9
1
5
13
3
3
10
6
1
4
4
24
11
13
3
9
1
28
21
4
5
65
24
3
3
6
14
21
10
2
3
4
18
5
32
2
28
23
14
19
18
13
7
4
27
32
4
7
52
1
17
12
3
33
22
3
20
18
21
10
18
5
18
1
11
10
2
20
59
18
40
7
1
1
1
3
12
11
19
9
14
13
6
8
83
8
7
3
9
16
22
19
1
11
63
21
11
6
6
4
17
7
10
3
7
10
6
21
1
13
9
12
5
9
5
2
5
34
27
15
9
1
55
8
23
8
7
6
21
14
4
12
28
8
25
34
11
3
9
21
10
5
15
29
6
34
1
18
15
6
21
2
3
5
8
22
7
6
13
3
5
17
6
6
6
2
16
29
26
13
14
4
6
33
15
7
20
21
13
5
23
3
7
11
40
26
10
10
3
6
1
3
16
2
17
7
1
3
31
1
4
1
6
11
18
1
1
15
11
4
12
2
4
3
9
27
19
12
10
4
1
23
1
7
9
6
56
13
6
2
48
3
7
4
2
6
10
9
4
33
32
18
2
12
1
21
3
33
15
5
4
11
10
4
33
7
38
14
32
21
4
4
30
7
12
23
19
1
20
26
10
28
36
12
11
3
1
2
5
46
24
5
31
5
7
8
9
52
2
13
36
17
14
22
6
53
43
1
26
13
10
38
9
5
5
40
36
4
25
6
13
20
15
3
6
5
27
26
22
13
8
1
3
14
3
1
1
1
14
2
22
11
58
13
1
10
14
3
3
2
6
5
3
6
13
9
1
3
1
46
42
12
20
8
38
15
18
4
36
3
13
6
8
4
5
8
10
18
56
2
6
4
15
14
11
8
10
4
