2
3
1
5
1
3
2
1
6
1
5
3
1
4
1
2
2
3
3
6
1
1
2
1
1
1
1
2
1
4
2
8
2
1
4
1
2
7
4
5
5
3
1
4
1
1
2
2
2
4
12
6
5
1
11
7
2
3
4
1
7
1
2
1
10
5
10
6
1
1
1
13
1
3
1
8
1
5
1
1
1
6
9
3
2
5
3
1
3
5
2
1
1
7
1
9
7
1
2
3
1
9
5
1
1
4
4
1
3
3
1
2
5
1
2
2
12
3
1
1
5
1
4
5
1
5
8
3
1
6
2
8
2
4
3
9
4
5
1
3
12
2
10
2
12
10
1
3
1
10
2
1
1
16
2
9
2
6
9
3
1
4
2
6
6
4
1
7
5
1
4
3
3
2
6
3
10
3
1
1
3
4
5
1
16
1
10
3
6
2
9
8
5
3
3
1
2
7
3
3
1
34
1
4
2
4
2
2
9
7
4
1
3
7
1
4
1
1
1
1
1
5
2
1
4
2
1
6
5
1
3
8
6
6
3
3
2
2
5
5
2
7
12
5
4
3
4
1
4
8
2
1
4
5
1
4
8
2
2
4
4
3
1
1
1
7
3
1
1
2
6
3
4
1
2
4
1
1
2
1
2
4
1
6
3
1
5
3
1
9
7
1
2
2
1
1
1
3
1
2
3
3
4
2
2
6
7
5
2
4
2
6
1
2
7
1
4
1
1
2
9
1
5
2
9
5
11
3
6
1
6
1
4
3
1
2
4
1
16
3
4
1
2
5
2
1
6
1
1
11
2
4
5
6
5
1
1
2
5
3
1
2
5
11
1
1
1
2
8
2
4
2
4
4
3
3
3
8
14
2
11
10
5
2
1
4
1
6
3
4
1
5
6
2
2
3
5
7
14
2
1
1
2
4
3
6
2
8
4
6
5
13
1
5
3
13
3
6
5
5
1
1
4
6
2
4
3
2
5
1
2
1
3
5
4
2
9
6
1
15
4
2
1
4
14
1
1
8
4
1
5
1
1
9
6
2
3
1
1
1
10
9
3
1
2
1
10
1
1
3
4
4
1
4
5
2
4
2
2
2
6
1
6
1
2
1
10
5
4
5
2
5
2
1
1
2
1
1
1
10
