1
1
2
2
3
3
1
16
11
4
6
1
1
4
2
3
1
5
3
9
3
1
2
2
3
2
4
11
1
3
4
1
3
3
4
6
7
1
1
6
3
2
5
4
2
1
7
22
3
1
2
1
3
10
2
5
3
3
1
1
3
1
1
1
3
2
6
3
1
1
2
3
5
6
2
6
5
2
3
1
1
3
1
4
2
2
5
3
1
3
2
3
2
9
2
6
2
1
5
3
2
6
2
6
12
6
4
4
1
4
4
3
8
1
9
1
3
2
5
3
2
9
3
2
4
6
2
12
3
4
1
1
6
3
8
2
2
4
7
1
2
2
8
7
2
5
1
1
8
3
8
4
3
8
1
8
5
2
5
4
2
2
1
6
11
3
3
4
10
9
5
1
3
1
1
3
17
4
1
5
1
10
1
1
9
3
1
7
1
3
1
1
1
1
4
9
5
4
6
3
1
3
3
4
2
1
5
4
5
2
5
2
16
3
2
1
8
8
1
5
1
2
2
2
9
4
9
3
7
4
15
1
7
1
3
5
6
2
2
4
1
2
3
5
7
3
2
4
2
6
2
10
6
3
2
2
2
4
9
4
1
11
9
3
1
6
1
2
1
2
3
2
1
4
4
4
9
9
2
2
3
3
1
3
6
11
1
11
2
3
1
2
1
3
3
21
4
1
4
2
2
5
2
4
7
5
3
1
1
19
5
1
26
3
2
1
3
1
3
4
1
2
4
3
9
1
5
1
6
2
6
2
1
6
4
10
2
4
2
1
6
1
3
8
3
1
7
3
3
8
2
5
2
6
5
4
2
2
3
1
1
1
3
5
4
1
1
5
5
4
6
1
3
3
6
2
8
6
1
6
3
8
3
1
2
1
3
5
2
4
2
2
5
4
4
3
2
6
6
9
5
7
5
3
9
22
3
5
3
1
2
3
4
5
3
2
2
6
1
3
1
1
7
7
10
4
3
1
1
3
1
15
6
3
2
3
5
1
1
1
7
1
4
3
6
1
1
7
1
6
1
1
11
1
1
1
5
7
1
1
11
1
4
3
3
2
5
5
2
1
8
3
2
1
2
3
12
1
2
6
1
3
5
4
9
1
1
3
2
2
3
2
2
5
2
7
2
6
2
2
