21
9
6
13
2
1
1
1
8
2
10
7
11
3
1
5
8
10
8
6
14
7
8
2
5
15
14
6
6
5
6
4
2
10
13
6
4
1
1
6
7
14
9
15
2
13
6
1
10
7
9
11
3
8
6
6
5
6
6
2
5
1
4
6
8
3
3
3
5
1
12
2
1
1
1
1
19
4
1
7
1
7
10
6
1
3
5
4
5
6
2
8
2
6
10
6
2
1
1
2
2
18
13
6
20
4
4
3
5
1
4
8
1
1
2
3
10
3
7
16
2
12
5
5
9
7
3
7
9
4
10
2
7
1
8
5
8
19
10
5
2
6
19
5
15
1
3
1
11
6
4
5
1
6
11
1
3
5
6
14
3
2
5
10
7
2
2
4
14
12
10
11
2
6
8
4
5
3
5
4
2
2
9
3
4
6
2
7
4
19
13
1
3
1
1
3
18
5
12
5
7
19
1
2
2
4
11
3
3
5
2
1
1
3
1
15
1
3
7
13
2
5
1
13
6
13
4
5
2
2
10
5
6
9
4
2
6
4
2
19
9
15
7
2
2
11
2
14
3
6
5
13
6
3
7
19
15
3
10
12
11
4
6
1
6
1
4
4
4
1
1
2
5
4
1
5
9
10
2
6
8
17
1
4
11
6
12
12
4
1
10
13
17
4
17
4
5
2
7
3
5
4
7
1
5
4
2
13
6
5
12
2
2
4
4
1
2
14
3
1
5
3
2
11
5
4
13
4
1
4
4
2
4
2
4
4
4
18
3
11
11
16
2
3
7
3
6
6
4
12
6
14
2
12
1
6
10
10
2
6
10
2
19
4
5
2
5
4
19
6
4
12
5
6
2
17
3
5
4
2
2
6
5
2
11
9
2
9
4
5
1
7
10
6
1
6
4
2
4
6
1
7
1
8
2
3
3
6
2
4
10
6
9
6
6
7
1
2
11
2
1
4
5
2
18
5
7
2
4
4
14
1
7
6
4
6
4
15
18
6
4
7
6
7
4
6
2
4
3
6
5
1
5
11
8
1
2
2
4
4
4
5
2
6
16
1
1
3
1
5
4
7
1
12
1
2
8
18
6
3
2
4
14
1
5
2
4
17
5
2
4
1
3
15
12
14
13
2
4
1
