25
5
2
1
3
20
3
3
11
79
40
4
11
18
17
18
20
1
31
5
1
35
17
12
7
16
9
9
30
10
6
5
23
18
31
54
97
35
50
20
2
6
38
40
3
9
47
8
2
103
3
9
12
17
6
8
15
6
28
9
19
12
7
14
2
8
14
16
15
21
4
7
14
1
3
6
11
16
7
10
9
19
55
19
33
9
50
22
16
13
4
12
1
18
1
7
19
9
18
4
3
3
1
29
14
1
33
3
25
10
1
36
3
9
14
4
14
7
13
1
6
22
14
9
4
15
6
19
1
20
11
1
28
31
23
40
6
3
13
109
25
4
1
7
5
9
19
68
4
47
4
6
7
86
5
4
2
1
14
3
24
1
3
6
87
2
8
1
5
17
27
20
14
25
7
32
11
29
11
4
3
9
11
5
4
5
10
12
16
7
98
1
19
28
16
22
8
32
23
53
37
51
33
15
1
2
5
42
3
13
4
33
13
3
1
14
13
11
2
1
48
5
10
33
17
1
10
7
3
3
23
11
44
8
7
46
3
33
27
41
2
8
19
36
7
17
33
69
3
8
36
6
21
9
8
75
14
13
1
1
26
1
3
1
3
48
25
15
8
20
15
12
3
17
1
26
2
2
28
26
6
7
49
8
18
18
29
5
3
8
7
10
10
6
7
23
4
3
4
2
21
10
19
2
3
10
10
9
7
6
2
45
7
6
18
41
18
16
7
70
36
14
12
24
3
1
1
19
52
46
1
13
28
109
10
3
6
24
5
1
20
12
25
36
6
41
4
13
39
6
22
7
21
1
11
41
12
10
2
19
10
55
14
9
2
7
20
3
4
54
5
5
3
5
12
4
32
37
8
7
4
2
11
42
18
50
15
4
23
8
3
5
16
2
18
3
5
11
4
7
16
9
20
10
41
12
1
21
1
13
10
9
5
10
6
3
19
7
17
12
23
2
3
18
6
71
10
4
4
66
2
4
9
19
52
14
1
5
20
17
47
1
27
12
1
7
6
12
1
16
4
20
4
7
6
11
12
6
18
1
11
15
14
3
23
11
3
34
21
6
10
2
18
72
38
2
9
18
11
2
4
11
72
15
24
9
9
16
14
31
7
5
3
27
6
1
8
10
10
3
