9
13
2
2
7
4
4
16
15
7
1
12
7
5
4
3
24
9
1
5
10
2
19
1
3
4
1
4
4
1
1
12
16
5
6
7
1
2
7
3
5
7
11
12
19
1
1
37
6
20
23
2
3
6
6
16
7
11
1
5
9
1
1
8
8
5
2
2
11
10
2
1
10
9
6
8
5
3
4
1
2
3
5
12
4
10
11
3
13
16
27
1
2
6
6
6
6
1
1
14
23
2
6
2
11
1
16
4
7
8
10
7
5
20
4
7
7
1
3
1
8
36
19
1
2
9
35
2
5
2
4
1
2
12
12
9
6
8
3
6
1
9
2
1
28
16
11
3
14
1
12
9
2
3
10
24
3
38
4
3
3
9
18
1
6
8
3
14
3
16
1
1
11
14
3
3
1
17
28
5
3
7
6
19
11
4
13
27
13
6
1
11
8
2
5
15
4
6
8
6
2
23
16
14
1
5
5
13
16
1
17
2
3
13
3
14
4
1
1
4
8
2
2
4
1
1
15
7
1
14
3
5
2
9
16
21
1
20
6
3
7
1
21
4
19
3
2
6
4
3
8
16
23
3
2
9
1
11
6
4
26
1
9
15
8
18
6
7
17
19
5
5
7
5
1
1
8
13
27
3
3
5
8
10
6
7
5
3
2
1
3
1
1
2
8
23
2
1
6
19
8
19
4
2
12
6
21
6
6
22
1
4
3
3
4
3
1
3
4
2
3
4
2
13
9
10
8
1
2
16
1
5
13
7
1
4
5
4
2
1
6
1
1
12
7
5
3
11
22
3
6
10
2
13
13
5
21
4
7
7
3
3
1
7
8
2
7
6
8
2
22
4
25
3
10
9
1
5
15
21
13
5
5
4
12
11
1
4
1
3
12
2
17
11
24
24
12
3
1
29
11
5
6
1
10
4
11
2
13
10
5
1
5
15
19
11
4
8
5
2
12
1
1
13
2
17
19
8
6
2
1
1
8
3
4
1
7
4
21
3
2
17
40
6
4
6
1
1
5
6
3
6
2
1
15
1
3
1
6
2
6
3
1
1
1
5
1
1
1
2
9
10
13
7
3
1
14
1
2
6
2
8
4
4
12
5
3
11
3
6
10
3
8
8
16
17
7
10
4
9
