6
4
8
2
16
5
2
6
8
5
4
30
25
10
19
7
40
16
13
2
3
4
3
42
31
17
4
30
1
1
4
11
7
16
2
13
3
3
21
16
9
8
19
6
4
20
3
13
4
20
7
6
22
34
16
7
37
1
16
10
14
6
4
15
6
5
30
1
12
23
1
3
6
2
14
3
23
21
16
3
11
4
14
8
12
5
22
16
4
13
35
5
30
16
9
5
4
16
23
3
4
11
3
17
5
7
9
20
18
17
7
8
4
1
2
9
25
20
7
7
5
5
39
10
7
6
1
13
8
6
18
6
10
18
22
2
36
1
1
26
3
10
2
9
6
9
16
19
8
7
3
4
20
3
4
35
4
10
4
3
2
18
1
1
8
4
16
8
1
3
27
1
19
4
19
11
4
37
10
3
2
2
22
7
16
42
13
4
20
8
8
5
4
12
22
23
14
27
10
8
2
11
4
18
4
37
2
12
15
17
22
7
25
14
6
11
3
11
18
3
44
7
42
10
17
2
8
44
3
4
2
9
10
29
1
18
2
2
6
18
12
7
1
10
28
4
6
35
8
16
11
9
3
20
13
11
37
3
7
20
20
6
13
29
1
46
13
3
15
45
23
7
9
22
21
3
9
1
9
36
5
12
6
13
5
7
17
7
12
3
4
3
15
11
13
2
5
28
20
1
25
29
13
17
10
4
6
10
7
18
1
8
26
22
14
17
2
14
11
13
8
3
6
1
2
1
25
5
9
4
33
6
19
24
21
5
16
22
5
16
14
20
9
19
1
21
10
18
1
6
24
4
22
6
15
12
10
10
22
15
7
14
2
23
5
34
18
2
10
16
13
13
3
3
17
35
2
4
2
1
14
6
21
2
20
19
14
34
5
12
1
11
20
6
7
14
17
31
33
12
7
11
37
13
6
14
1
29
10
19
20
16
6
46
5
28
7
8
3
15
13
24
17
16
11
2
11
2
19
1
4
26
7
13
8
7
3
3
8
8
32
1
33
10
8
19
10
20
6
10
12
38
7
2
2
30
7
3
5
26
24
20
20
12
31
3
16
11
10
16
12
30
9
19
8
22
20
8
3
40
9
45
18
6
5
3
24
3
12
3
22
10
51
6
31
19
3
9
15
2
