15
9
24
16
2
5
17
4
6
22
24
3
10
21
9
6
6
18
1
3
12
12
17
10
5
15
5
24
5
7
11
1
15
3
19
1
4
1
4
5
9
2
2
1
12
17
3
10
3
18
3
2
19
37
18
1
1
3
14
4
6
7
13
3
10
4
10
2
2
33
12
5
38
8
7
14
7
34
2
10
1
20
30
13
3
5
23
22
2
13
10
10
3
16
19
2
1
17
17
1
29
7
11
7
23
7
9
23
13
15
6
3
15
7
20
3
8
23
11
20
7
8
6
6
6
4
3
27
8
9
3
27
38
20
19
6
13
2
5
2
38
24
26
2
5
10
2
8
4
12
11
3
5
9
2
15
12
12
5
12
4
8
10
34
14
1
5
18
10
11
15
3
19
2
10
28
21
5
18
11
12
8
18
10
4
6
15
8
16
2
13
5
9
9
1
5
3
6
6
20
33
6
4
19
5
39
36
13
43
22
7
4
3
7
10
6
8
1
2
3
3
6
16
3
15
7
4
1
2
11
2
3
1
30
15
18
12
15
28
15
5
5
8
2
1
10
6
9
25
18
25
16
9
16
4
5
3
4
1
4
5
27
24
10
2
5
41
4
5
5
6
3
24
18
2
7
4
34
3
43
11
18
14
6
19
15
7
31
8
11
13
11
15
2
12
3
2
4
10
22
22
8
5
3
12
12
4
11
6
6
24
28
14
17
4
23
6
12
5
2
1
6
14
2
18
1
19
11
19
3
19
13
4
12
7
23
1
1
12
20
22
1
1
9
2
5
5
7
18
9
2
6
1
19
28
2
6
1
5
11
24
9
7
13
1
3
15
8
9
2
10
2
30
12
14
30
23
7
6
22
5
32
21
7
32
1
37
4
7
8
2
2
27
1
13
4
15
2
3
7
10
7
12
3
15
14
19
2
28
10
19
4
5
5
15
1
5
18
10
19
14
20
2
8
20
6
19
2
8
1
32
5
37
21
6
5
12
12
17
11
3
12
4
8
2
11
1
8
35
1
3
14
3
4
9
26
5
18
24
9
14
4
11
6
1
4
4
8
8
21
6
5
1
2
7
11
11
10
12
14
8
17
26
16
1
19
14
26
4
36
11
14
2
35
7
14
1
4
3
4