13
7
2
3
4
2
5
6
17
2
2
6
3
12
3
14
3
11
2
5
4
16
1
3
10
1
3
5
4
14
2
11
4
9
6
2
2
1
2
6
13
4
5
2
12
8
13
3
3
10
6
10
1
12
1
2
10
1
5
6
1
6
3
3
13
1
15
4
5
10
13
2
7
18
6
10
3
3
1
15
1
14
5
5
2
4
11
2
9
1
17
7
5
2
3
1
6
10
2
2
2
12
1
7
1
1
2
2
8
1
5
4
5
6
19
6
6
5
2
2
3
7
1
2
2
2
10
15
4
7
3
1
13
3
1
4
3
2
5
3
1
4
6
6
5
2
8
1
3
3
12
3
6
1
6
7
16
4
6
5
5
3
5
8
1
3
8
1
5
20
1
10
19
2
10
7
4
6
4
3
6
4
2
6
12
2
9
6
12
4
5
2
5
3
11
17
5
5
2
4
5
3
4
10
4
7
5
4
1
6
6
6
1
1
7
5
1
8
8
7
4
2
7
7
2
17
3
6
5
1
3
2
9
4
4
6
10
7
2
4
5
2
2
7
4
8
5
7
1
4
3
11
9
1
3
5
2
5
4
4
15
6
10
16
6
2
4
1
5
1
2
3
7
18
3
6
13
4
4
5
2
1
17
6
13
1
15
14
1
18
7
3
5
8
12
1
9
3
2
4
8
17
11
3
3
6
8
2
7
6
1
3
9
4
3
8
14
14
5
5
2
4
6
2
13
4
1
4
6
9
2
6
9
1
1
1
5
5
8
11
6
2
7
5
9
5
2
5
3
8
4
4
11
3
2
5
16
2
5
6
3
1
5
1
4
1
11
3
5
4
1
16
7
5
13
2
2
16
8
6
6
9
8
4
1
7
8
15
6
2
1
18
4
2
7
15
15
2
11
1
4
5
13
6
5
6
3
4
1
3
14
6
3
3
5
4
1
4
2
5
2
8
5
1
3
1
3
1
13
12
11
5
1
4
2
6
5
3
5
5
2
5
3
4
12
2
16
4
11
3
3
3
4
2
14
11
9
5
4
3
11
2
5
3
1
2
1
15
3
18
6
1
6
3
1
2
14
1
4
9
9
1
6
3
9
5
16
5
6
4
5
4
4
10
5
5
6
4
13
1
