13
15
5
1
9
35
56
12
7
6
8
6
1
33
15
21
28
13
15
16
51
3
15
1
1
19
9
3
2
13
6
1
25
2
2
12
8
16
14
1
13
3
2
18
5
5
6
11
16
23
18
5
1
13
16
4
4
13
23
9
1
6
47
36
4
19
1
7
1
11
4
27
36
5
12
20
12
21
2
51
2
11
39
13
5
32
34
5
2
6
7
26
17
10
41
53
26
14
1
1
53
17
18
10
14
27
12
25
6
3
8
5
41
2
16
25
6
7
22
9
9
2
1
11
11
15
26
19
29
7
5
19
1
17
5
9
9
24
7
55
11
1
5
8
31
2
12
50
64
1
7
10
4
41
6
2
21
82
14
24
1
20
43
4
26
22
15
41
20
19
13
46
46
8
14
2
8
13
6
17
5
25
10
5
20
6
8
8
12
31
6
29
9
18
6
4
1
16
19
11
2
2
11
20
18
31
27
10
7
14
50
40
47
17
8
3
10
9
14
40
6
5
15
5
22
10
2
5
6
13
5
42
33
1
17
7
1
1
25
4
42
1
1
26
2
12
25
12
45
2
18
56
20
6
3
29
9
2
4
16
1
24
16
9
2
3
7
1
9
24
45
2
25
12
9
20
2
2
4
7
18
8
16
6
36
34
1
14
24
13
28
6
11
1
17
5
9
9
25
17
16
3
8
7
13
2
1
11
13
6
7
15
22
2
1
4
1
20
34
37
11
47
22
2
3
1
4
3
16
10
5
29
1
3
18
5
42
22
9
1
11
8
17
1
20
5
21
4
13
39
32
19
20
9
28
5
3
3
37
9
14
8
9
24
18
23
5
7
6
1
24
3
13
47
21
10
3
15
40
2
16
8
1
13
7
16
8
75
29
6
8
31
4
19
27
14
39
32
3
4
6
4
8
5
7
13
14
56
1
2
2
13
6
9
8
2
13
10
10
45
20
17
9
43
6
3
26
2
2
12
15
11
3
6
5
17
14
5
10
6
2
10
8
13
16
2
14
54
25
12
7
41
4
12
3
12
10
41
8
28
22
18
12
3
3
47
60
16
9
4
7
46
7
14
3
3
1
17
2
4
6
17
17
34
13
10
3
11
33
3
10
37
2
4
3
1
2
24
13
9
