23
4
5
4
3
5
5
4
4
5
13
9
13
1
12
1
9
1
2
1
1
7
10
2
2
4
4
11
6
3
7
1
8
2
3
12
7
7
24
20
1
14
2
3
23
16
1
25
3
3
2
5
6
6
2
6
11
3
4
7
5
1
13
11
15
26
1
40
17
20
2
14
9
2
11
17
12
4
8
1
28
27
2
1
4
1
6
8
5
1
2
10
8
26
7
6
7
2
9
7
1
3
13
4
3
4
2
6
5
2
1
3
6
4
32
9
3
19
2
1
4
19
10
17
3
3
3
12
11
33
4
8
7
8
4
2
17
19
10
8
16
4
7
6
8
16
9
2
26
5
8
2
1
10
1
8
1
1
20
2
3
12
1
1
1
7
23
5
2
1
8
6
3
11
12
2
4
9
6
2
23
2
2
4
16
6
13
15
3
1
8
5
17
6
2
5
10
19
14
10
23
22
1
29
19
1
6
4
9
4
12
2
2
2
14
6
1
2
27
11
1
4
1
3
12
21
7
4
13
1
4
5
2
14
14
7
18
1
3
3
10
1
10
16
1
1
1
7
3
6
1
4
7
2
13
1
3
12
17
20
5
11
2
9
4
3
4
2
1
3
4
23
12
8
1
21
23
6
2
13
1
1
11
13
2
4
3
8
1
1
2
5
3
6
1
6
4
1
12
2
15
9
12
1
10
3
2
1
7
30
3
4
3
5
10
13
4
2
3
2
8
6
3
5
1
22
9
8
2
5
15
1
2
2
4
13
5
8
27
7
2
13
3
3
8
1
3
5
1
9
18
3
3
4
2
3
18
13
4
14
12
3
17
2
1
7
10
1
13
4
7
12
9
1
4
2
27
21
3
8
20
1
25
27
3
13
4
11
11
1
18
9
1
27
1
12
4
13
4
8
9
4
26
1
10
9
4
3
2
16
16
3
6
5
3
4
8
7
9
1
14
13
9
16
14
5
5
1
19
13
2
21
3
8
1
3
16
2
9
14
7
2
12
1
9
7
10
15
1
7
7
5
5
9
3
3
17
11
1
9
3
3
1
15
2
2
10
4
3
2
4
5
5
6
1
3
4
17
2
10
2
8
4
3
2
5
1
18
7
1
2
11
2
5
2
8
3
1
6
7
