4
4
15
2
10
1
4
3
6
4
5
1
9
1
11
3
5
7
1
13
1
2
4
6
2
3
2
5
11
5
5
2
3
11
4
2
3
3
4
1
1
2
1
20
1
1
3
2
3
2
3
1
5
4
1
2
3
4
6
3
1
1
2
4
2
2
4
6
2
1
1
1
4
1
4
2
1
3
8
5
1
2
3
9
1
1
2
13
8
2
8
5
1
18
4
3
2
11
1
1
3
6
3
1
3
5
2
1
1
4
2
7
5
1
2
1
2
9
3
1
1
2
5
6
4
1
2
2
2
1
3
4
5
1
1
2
2
9
12
4
2
5
7
2
1
1
15
2
5
2
4
2
6
1
3
1
2
7
2
1
8
4
7
4
1
1
1
4
1
5
1
2
1
3
2
2
1
15
1
2
6
1
2
5
2
1
2
9
1
10
1
1
4
3
2
8
2
1
21
6
4
2
3
2
1
1
1
4
4
2
5
2
9
3
1
4
5
3
9
8
2
1
1
2
1
6
3
8
4
3
7
7
6
13
4
7
3
1
1
2
12
6
1
1
4
11
16
1
1
2
4
2
1
1
2
3
1
7
1
3
7
3
2
6
6
3
7
10
2
2
5
4
3
1
3
10
1
2
7
1
3
1
2
1
4
4
1
1
1
4
4
1
4
2
6
3
4
6
11
5
1
5
1
5
4
16
3
5
1
3
3
2
9
4
1
3
2
3
11
4
10
16
8
1
1
17
4
2
4
28
1
2
1
1
2
3
4
5
2
11
1
1
6
1
1
2
4
7
1
4
1
7
2
7
1
7
5
2
1
3
2
5
2
1
1
3
14
1
7
4
1
6
1
1
5
5
8
3
2
3
1
3
2
4
9
6
1
1
8
2
1
1
6
1
1
1
4
2
9
2
8
3
1
3
7
4
3
4
1
2
6
2
3
2
1
2
1
2
3
3
1
3
1
1
18
4
1
4
1
3
9
2
4
3
3
2
3
4
4
1
2
2
7
1
4
2
6
3
3
3
3
5
2
1
2
2
3
2
3
3
1
2
1
2
5
1
4
3
2
5
1
2
4
1
1
1
4
1
3
4
3
1
2
3
1
3
2
3
2
2
4
3
5
2
5
3
11
4
1
3
