25
20
5
14
4
30
1
2
40
4
16
2
26
1
3
14
14
3
10
1
19
15
22
7
1
12
7
2
16
8
54
3
4
5
20
1
24
25
28
30
13
3
11
56
32
5
2
22
37
4
7
11
5
42
8
10
6
13
12
20
40
2
43
1
1
2
20
25
8
6
31
10
11
3
18
7
2
3
17
6
11
40
18
25
3
4
4
1
14
9
4
21
6
22
25
7
1
34
39
5
7
12
18
10
30
4
5
23
1
8
17
6
5
20
2
58
21
16
32
33
1
14
24
17
6
4
2
17
7
9
15
15
31
26
24
2
10
8
15
2
6
36
3
6
17
2
4
23
40
7
13
9
21
3
7
1
2
7
9
3
15
44
49
6
28
2
16
19
6
9
30
13
15
5
7
10
20
16
29
8
2
3
4
37
32
19
15
11
4
2
20
4
15
30
7
1
1
9
1
7
14
18
24
2
6
13
34
15
19
20
10
9
2
2
3
3
9
18
19
4
22
17
1
2
5
8
12
4
18
17
10
29
26
43
63
5
29
8
24
42
5
2
19
17
20
29
21
5
14
12
8
11
3
9
6
21
6
20
15
10
1
12
33
37
6
18
1
5
19
17
7
12
1
10
12
7
20
4
21
8
3
11
8
21
3
2
2
4
1
22
14
1
16
9
3
6
2
5
24
6
19
12
1
5
13
17
39
30
6
3
15
9
62
14
20
27
31
19
2
19
7
43
1
22
13
20
5
62
28
1
26
4
9
11
37
21
21
4
7
11
29
11
3
9
17
11
2
26
53
26
6
2
8
8
7
5
26
22
20
15
15
17
114
21
22
35
11
18
52
4
15
38
38
23
40
6
12
18
30
1
19
3
4
1
12
5
3
1
4
58
17
11
42
54
28
1
15
9
14
18
24
13
2
15
18
16
52
10
23
3
14
4
4
19
40
4
15
8
4
7
12
2
20
25
15
35
25
7
3
13
9
1
1
10
6
4
13
4
25
3
2
16
12
4
8
18
17
3
2
2
2
27
5
12
10
3
7
30
2
32
3
8
31
4
7
1
15
20
21
10
2
9
3
29
22
5
12
7
4
12
2
13
6
4
23
29
14
2
16
9
26
1
23
15
7
1
17
1
4
12
