3
4
6
15
10
2
1
2
4
9
6
1
5
7
2
5
9
10
9
11
10
20
1
5
10
4
3
3
8
10
5
1
2
3
4
1
6
8
6
2
7
7
11
2
1
12
2
12
4
7
1
7
3
10
8
9
4
2
9
2
2
4
5
1
4
6
7
21
2
3
2
3
5
4
9
27
11
2
34
8
15
1
9
4
8
13
5
3
9
1
2
15
5
45
4
13
3
14
1
3
8
9
2
12
15
4
3
8
6
7
7
1
1
13
8
2
9
8
1
3
8
5
9
9
11
5
5
7
10
3
6
3
2
1
1
1
6
6
2
6
8
13
5
5
2
1
3
4
4
1
11
27
3
16
1
18
10
7
1
2
37
13
2
5
1
1
2
4
4
5
17
1
4
6
7
10
3
3
17
6
5
1
2
9
7
1
4
3
1
4
3
1
4
6
4
4
2
3
3
2
16
5
10
2
1
3
22
10
5
30
1
6
5
9
4
11
4
7
13
8
9
3
2
12
12
11
6
15
19
14
18
4
9
6
3
10
1
2
9
5
2
2
2
3
1
8
14
17
8
3
6
4
5
1
2
1
3
11
17
3
16
17
2
2
19
22
2
1
10
5
26
2
6
3
1
7
1
6
2
10
2
3
1
15
4
5
3
15
6
6
1
18
2
5
1
11
10
1
3
8
3
12
6
2
1
3
1
8
8
14
8
1
11
11
10
10
5
1
1
2
1
14
18
4
5
1
5
2
2
1
5
7
5
23
8
1
16
9
8
3
1
6
6
1
1
5
1
10
1
9
2
18
1
10
1
25
3
9
3
2
10
1
1
6
3
10
15
12
4
12
4
1
21
2
7
11
13
6
13
2
2
3
3
4
6
22
1
4
3
5
2
2
10
4
9
4
8
13
12
1
10
1
13
2
13
2
1
4
1
11
5
7
20
4
16
4
8
3
1
7
5
6
5
1
4
6
9
4
1
4
2
4
3
7
2
8
6
7
5
11
5
6
16
8
14
5
11
18
6
2
4
17
31
12
11
4
2
12
13
15
5
5
1
9
9
1
14
16
1
13
31
1
1
9
12
2
29
2
14
15
1
1
5
4
7
2
11
21
9
12
4
8
5
2
8
2
12
15
5
2
