8
3
17
1
31
28
6
9
3
11
7
5
8
4
9
6
8
2
14
3
2
3
8
9
2
5
13
17
1
17
7
7
2
32
10
2
13
2
5
1
13
27
3
10
15
4
3
14
16
17
30
3
31
3
11
24
5
3
11
14
13
13
2
9
4
35
3
16
4
5
8
23
15
30
4
9
7
2
6
16
13
8
13
1
6
3
7
3
15
9
32
30
34
1
5
6
28
26
15
10
5
2
17
15
12
2
14
16
17
7
3
12
17
23
3
10
29
6
3
7
9
10
11
15
4
18
1
16
10
10
4
10
1
2
16
8
8
3
6
29
12
3
1
5
2
10
6
8
20
1
6
12
1
18
9
4
14
3
14
13
12
5
23
30
9
4
6
19
4
5
6
9
3
26
37
9
1
2
8
5
3
14
6
10
12
30
3
10
11
1
6
12
1
16
5
23
10
4
6
5
1
4
4
13
30
14
10
2
8
8
25
5
11
12
1
25
26
11
15
5
11
4
7
8
5
2
13
1
15
19
4
2
3
4
7
6
19
3
33
4
6
21
5
2
10
8
1
9
3
20
1
5
10
3
16
1
16
16
14
13
6
1
16
6
35
8
11
13
16
5
4
22
1
7
13
2
14
11
4
9
14
3
9
2
9
4
12
2
9
7
11
32
11
1
24
31
19
3
8
23
4
5
6
6
10
2
11
3
13
3
11
6
34
7
5
4
2
32
11
16
2
3
5
13
5
3
17
3
11
6
5
13
6
9
1
36
6
17
2
11
21
6
1
15
20
10
2
6
3
26
33
12
2
4
9
5
11
10
3
31
4
17
2
7
3
2
3
24
3
3
1
4
6
2
24
3
2
3
8
27
17
10
20
1
4
5
8
11
14
13
4
5
1
15
13
14
8
15
7
12
4
25
26
4
16
5
15
19
5
31
17
21
1
13
33
12
11
8
1
2
5
2
14
17
6
1
6
3
16
3
20
15
27
3
19
6
2
18
33
9
30
10
4
35
2
6
8
11
4
18
8
17
3
13
23
9
2
29
12
1
12
2
11
3
8
5
4
2
16
19
5
4
28
17
5
4
10
3
11
7
6
12
13
21
13
17
8
12
4
3
11
5
23
19
10
7
7
2
14
4
