5
2
4
5
8
6
4
4
7
2
5
5
4
3
3
17
1
1
2
8
4
6
1
6
2
10
3
3
5
7
6
6
6
9
5
5
4
4
8
5
1
5
13
10
2
3
6
2
3
8
14
4
8
2
3
10
16
1
10
1
1
15
5
3
3
5
13
4
8
16
9
3
1
5
6
14
1
5
3
5
6
4
7
7
5
10
3
15
1
4
6
3
3
3
7
2
12
5
1
1
5
1
1
16
6
6
5
5
4
14
8
9
4
9
1
5
1
3
9
5
10
1
1
11
6
3
3
2
10
5
6
1
4
3
4
4
8
5
6
11
5
7
1
1
2
8
8
4
1
1
9
10
2
2
13
2
2
4
4
9
1
1
6
1
4
4
7
1
1
2
3
3
4
5
3
3
3
6
9
5
6
5
8
1
2
3
3
1
2
13
4
6
3
10
9
5
5
2
9
5
4
14
2
2
5
14
5
2
2
8
7
10
3
16
8
3
2
13
2
1
3
1
1
5
11
8
5
1
6
2
1
4
3
3
4
1
3
2
3
11
1
2
10
11
5
15
9
12
6
17
6
18
1
4
17
2
1
1
6
5
9
1
18
4
8
11
3
10
1
1
2
6
3
6
7
6
2
12
1
5
7
1
1
5
6
5
8
10
2
4
2
1
4
5
1
5
6
11
3
12
2
13
3
7
2
6
4
5
13
2
5
3
6
1
8
2
5
10
3
2
1
6
3
6
2
3
5
6
10
4
8
2
8
7
11
12
11
5
5
1
2
5
2
9
5
9
8
3
4
11
1
1
1
3
6
4
2
5
2
2
12
2
4
4
3
1
5
1
2
4
1
10
1
2
15
2
16
1
13
8
10
5
3
5
3
1
7
3
1
5
2
2
5
4
4
3
8
6
12
3
4
8
8
5
6
16
5
4
8
15
9
9
2
1
1
6
1
5
11
6
8
4
4
5
6
15
8
6
6
4
8
1
18
9
2
6
7
1
1
11
4
3
16
4
1
6
6
4
7
8
5
4
6
1
12
13
1
8
5
2
6
2
2
3
6
7
5
6
6
1
10
2
3
1
6
7
1
6
3
5
13
1
4
13
1
9
3
18
8
5
6
5
6
3
5
13
7
16
11
2
