3
6
40
5
14
1
1
6
17
11
1
8
4
7
2
27
16
12
13
5
7
12
5
20
6
5
8
2
5
7
5
17
38
3
15
1
1
9
12
35
13
3
16
3
11
7
28
12
22
17
9
2
10
7
5
6
16
6
13
5
14
30
7
17
2
10
1
28
8
6
18
8
7
1
10
5
5
2
10
4
3
9
29
2
6
1
13
28
12
3
6
11
6
4
14
18
2
56
5
7
23
1
22
11
1
6
19
22
15
23
23
5
9
9
1
4
26
2
5
1
16
11
4
2
1
3
14
6
18
21
11
17
3
43
6
18
8
17
11
12
21
21
1
9
5
8
19
6
7
7
10
1
3
6
24
26
42
11
2
6
5
7
26
1
1
1
22
18
10
4
2
1
49
3
2
6
26
3
64
20
36
20
10
12
3
12
11
17
40
15
13
1
11
14
21
1
1
6
13
26
22
1
18
8
8
8
15
20
4
5
8
47
40
11
5
14
27
9
9
17
7
1
1
12
26
6
17
5
3
5
1
9
7
14
3
1
4
25
1
27
8
5
18
35
8
2
1
14
15
14
4
7
37
6
5
1
4
7
17
39
13
6
18
15
4
16
4
6
2
4
15
5
26
9
1
4
2
3
1
13
8
4
9
25
15
10
23
4
7
7
3
5
21
3
2
5
9
10
19
6
8
56
10
3
17
14
7
11
14
15
34
2
4
20
9
11
4
10
11
8
1
2
3
3
8
1
4
10
1
7
4
7
11
5
11
6
7
5
10
13
5
11
19
2
2
14
8
14
10
4
9
16
3
1
6
3
3
2
45
22
5
5
19
4
17
13
2
16
3
19
1
29
9
11
10
24
47
6
3
6
25
11
5
1
2
4
5
21
22
1
16
4
35
3
10
5
1
3
19
9
15
6
5
4
15
1
18
2
17
12
7
3
8
8
14
1
2
3
5
19
1
11
18
16
19
2
4
3
8
26
18
7
7
1
14
6
9
9
2
16
21
13
1
8
6
18
6
3
6
1
17
8
1
5
10
8
22
23
1
9
1
15
24
19
6
7
10
2
2
10
2
11
40
3
4
6
5
2
6
2
10
4
47
9
6
30
11
16
13
4
19
20
15
15
8
5
24
2
4
6
