4
5
4
4
6
1
1
1
5
1
6
4
9
3
14
1
3
3
1
8
3
20
5
6
5
4
1
7
2
2
4
8
7
9
4
1
4
3
4
6
16
2
4
7
5
5
13
2
1
5
3
13
7
1
7
5
3
27
2
5
4
5
5
8
2
3
7
19
1
2
2
11
6
2
8
4
9
11
2
2
10
2
2
3
1
5
2
8
17
7
2
8
12
11
9
6
3
3
4
5
5
7
3
14
8
16
6
2
8
3
5
17
10
2
5
13
3
6
15
26
8
2
5
3
5
1
3
8
3
7
2
1
4
1
2
1
5
5
8
2
1
18
20
3
6
4
6
7
6
22
2
3
1
4
5
7
1
4
7
1
3
2
2
1
2
3
4
4
3
6
1
7
3
7
15
1
6
1
1
2
7
2
2
7
6
2
3
6
1
13
1
3
4
8
7
1
2
6
10
6
17
5
5
11
3
9
12
11
11
7
5
1
10
3
3
4
6
1
3
26
7
5
16
16
7
5
3
7
17
5
3
8
6
2
11
9
5
6
6
1
22
1
13
8
1
1
2
8
3
2
3
5
3
5
10
3
3
10
24
1
3
1
2
8
3
4
6
3
1
8
6
2
5
19
7
3
17
7
2
2
6
15
1
10
2
9
2
1
12
7
4
2
11
13
4
2
10
9
3
6
8
6
2
3
9
2
8
13
15
3
1
1
21
2
4
7
2
6
9
6
1
5
2
4
1
8
23
8
1
7
2
1
3
1
7
7
10
3
1
6
7
13
3
2
4
8
5
8
4
6
8
3
9
5
2
9
9
6
8
17
2
3
2
2
8
4
4
8
5
6
6
3
3
1
5
17
6
8
1
2
8
2
3
2
16
7
6
3
5
4
5
12
1
1
2
8
4
13
5
1
4
1
9
6
1
1
6
2
8
10
2
2
1
3
3
3
9
5
16
5
8
1
1
3
4
3
3
11
2
1
8
6
2
18
21
3
16
5
15
22
18
1
14
3
5
5
10
13
3
6
8
7
5
14
8
15
1
1
2
13
5
4
1
1
2
7
2
4
5
10
3
3
2
4
12
4
4
1
3
1
4
7
11
11
5
14
1
10
5
7
4
8
6
2
8
5
4
4
7
1
