1
18
1
19
18
12
14
11
5
15
26
3
4
11
46
20
22
9
19
8
11
4
24
23
11
9
5
4
1
1
10
2
7
13
5
11
6
5
17
6
12
38
49
31
9
28
14
14
3
37
1
5
10
8
14
12
16
15
10
24
20
5
9
24
32
8
15
6
11
16
4
3
2
10
30
4
9
2
16
4
10
20
21
11
3
14
19
11
22
31
9
28
5
7
3
7
4
1
5
15
10
1
2
10
2
13
12
2
15
20
1
11
16
5
7
14
22
18
8
7
32
8
6
46
19
3
1
30
1
2
7
4
17
16
4
5
1
30
8
12
5
6
31
5
5
17
3
4
37
8
7
11
21
44
2
31
17
6
1
15
11
16
48
6
1
7
27
2
4
18
11
5
9
7
11
9
4
5
10
24
10
14
24
7
3
10
18
2
21
5
52
18
1
5
11
1
1
3
22
39
9
8
3
16
26
44
1
34
22
29
2
13
21
6
54
18
1
10
29
28
6
3
30
3
6
49
7
2
16
13
13
7
6
10
7
2
10
5
2
9
14
4
1
13
8
1
12
1
8
15
3
28
3
2
7
13
9
2
8
4
18
18
18
4
17
29
20
3
15
9
1
5
32
16
54
8
24
6
1
4
7
2
8
19
1
13
3
36
7
12
36
41
2
8
25
15
10
29
12
23
9
5
6
3
7
27
31
1
12
16
17
26
23
1
1
20
8
16
7
4
25
2
6
21
7
31
63
15
11
2
4
33
43
29
5
9
13
13
3
18
11
2
2
28
74
24
43
7
1
1
13
5
4
9
10
13
1
2
8
1
11
63
18
4
1
16
8
26
68
12
14
4
30
11
5
14
54
1
13
11
10
4
5
32
29
1
6
28
8
13
1
11
9
1
3
20
4
15
2
18
24
8
1
1
25
25
1
3
2
18
14
55
21
1
2
1
5
30
7
11
2
10
75
3
15
13
2
2
21
7
6
7
17
11
40
16
4
6
3
4
11
15
6
29
7
31
8
6
14
3
17
10
3
30
7
5
1
13
42
19
6
1
2
16
26
21
10
11
4
13
23
5
6
6
7
29
6
1
14
15
2
20
3
33
4
18
5
4
25
1
2
9
7
55
1
7
5
8
19
16
