19
4
6
4
1
2
1
3
5
5
1
4
9
8
2
3
1
2
3
4
3
1
1
1
5
8
6
6
1
8
2
1
3
10
1
10
6
12
2
2
16
4
12
2
5
4
6
3
1
6
7
5
2
3
4
1
16
4
1
1
5
1
2
1
6
2
7
5
4
2
1
5
2
5
5
2
1
6
19
2
4
6
13
5
7
6
2
3
4
3
4
3
2
9
7
2
2
1
2
2
5
2
8
5
2
12
2
6
1
4
1
5
2
6
2
11
2
1
5
2
3
14
4
3
10
3
2
3
3
2
5
5
1
2
6
4
6
1
1
8
2
2
5
1
3
1
6
1
6
2
10
2
1
1
2
2
7
1
3
1
6
15
3
4
4
5
2
1
1
2
9
6
2
2
3
3
1
1
1
4
2
9
3
2
7
2
2
3
1
5
6
5
1
4
2
1
4
4
2
7
4
1
3
2
1
1
1
6
11
1
1
6
2
10
1
9
3
1
2
1
4
10
2
3
3
2
3
2
5
6
4
4
2
1
5
3
6
3
3
1
1
6
8
4
1
3
3
2
1
1
1
5
3
5
1
4
3
4
10
6
2
21
1
5
1
2
2
2
1
6
1
2
7
8
1
6
3
8
3
8
11
5
8
3
8
8
4
12
5
4
6
1
4
4
9
3
2
13
1
2
2
6
2
2
2
3
4
1
1
4
1
3
7
1
2
7
4
3
7
5
2
5
1
2
2
1
13
3
8
9
3
1
2
4
4
1
1
10
6
1
3
3
4
2
2
3
1
1
2
1
1
3
1
1
7
6
3
1
3
1
9
2
1
1
6
1
10
3
2
2
4
1
7
4
1
6
9
1
4
10
14
5
2
1
2
1
2
5
7
5
1
8
3
2
1
5
3
1
18
6
6
2
4
2
10
1
7
2
7
1
6
1
1
3
2
5
5
2
4
4
2
1
2
3
4
8
1
3
4
6
1
6
4
2
5
2
1
3
6
3
2
1
4
4
2
1
12
10
3
3
2
3
5
1
2
11
3
2
1
7
1
5
2
1
1
5
5
1
1
2
9
5
4
7
2
1
10
5
3
1
2
3
1
8
18
4
1
1
5
1
9
6
15
1
1
8
2
6
2
5
