6
1
1
21
2
2
8
2
19
8
7
9
13
1
8
3
8
13
8
12
1
2
4
4
22
4
11
16
4
21
2
1
7
1
9
2
3
5
31
1
1
1
7
7
8
3
3
15
7
1
3
1
2
7
8
3
1
4
11
2
33
15
5
13
5
5
1
11
14
5
8
6
18
1
9
10
10
6
6
13
13
2
10
2
21
4
6
2
1
2
2
2
5
2
7
1
10
18
2
2
5
10
8
8
2
5
5
4
3
1
29
14
5
6
3
3
36
3
9
6
4
7
12
2
6
3
1
1
1
15
6
5
3
1
34
5
1
20
5
9
2
3
4
12
3
1
4
7
6
1
9
7
1
29
14
13
5
5
9
4
8
3
25
2
3
8
2
3
9
6
1
8
9
6
3
13
1
5
2
8
13
5
4
8
2
12
6
2
9
7
7
5
10
5
24
2
18
10
5
13
26
3
10
7
16
1
1
38
4
2
2
20
6
2
8
8
4
14
19
4
1
1
4
2
11
18
14
11
9
11
12
3
1
4
14
1
2
7
2
2
14
9
2
7
11
5
4
10
1
4
8
14
2
2
6
7
1
14
5
6
1
1
1
6
12
1
3
5
1
2
5
1
2
6
4
1
1
3
9
2
1
38
22
4
3
11
4
5
12
9
12
8
20
10
1
4
5
12
5
2
4
14
10
4
1
1
5
9
8
1
2
2
14
9
5
7
20
1
11
2
2
4
5
1
1
20
6
1
6
3
4
3
11
39
2
16
9
14
3
3
3
10
10
5
7
15
11
3
2
13
12
2
5
3
6
7
2
4
2
3
5
2
1
2
5
5
1
5
16
3
1
1
8
4
13
10
5
4
11
7
3
2
3
2
3
13
15
2
19
2
8
2
2
5
34
17
1
5
7
8
14
5
3
4
10
18
7
1
24
12
2
17
1
12
3
12
12
7
2
1
4
1
3
1
7
5
6
1
4
6
1
3
4
10
13
4
28
20
12
6
4
29
15
6
3
5
9
9
9
6
2
6
27
8
7
3
8
3
29
7
3
19
2
2
10
6
18
17
15
11
22
6
2
6
27
2
5
9
2
8
2
6
22
3
17
2
1
10
9
1
2
10
3
2
22
6
7
6
8
15
